0 0 4000 4000 4000 0
500 500 250 750 750 0
500 500 500 750 750 250
500 500 750 750 750 500
500 750 250 750 1000 0
500 750 500 750 1000 250
500 750 750 750 1000 500 
500 1000 250 750 1250 0
500 1000 500 750 1250 250
500 1000 750 750 1250 500 
1250 500 250 1500 750 0
750  500 750 1000 750 500
1250 750 750 1500 1000 500
750 750 750 1000 1000 500
750 1000 250 1000 1250 0
750 1000 500 1000 1250 250
750 1000 750 1000 1250 500
1000 500 250 1250 750   0
1000 500 500 1250 750 250
1000 500 750 1250 750 500
1250 1000 250 1500 1250 0
1000 750 750 1250 1000 500 
1000 1000 250 1250 1250 0
1000 1000 500 1250 1250 250
1000 1000 750 1250 1250 500
2500 2500 250 2750 2750 0
2500 2500 500 2750 2750 250
2750 2500 250 3000 2750 0
2750 2500 500 3000 2750 250
3000 2500 250 3250 2750 0
3000 2500 500 3250 2750 250
2500 2750 750 2750 3000 500
2750 2750 750 3000 3000 500
3000 2750 750 3250 3000 500
2500 3000 250 2750 3250 0
2500 3000 500 2750 3250 250
2750 3000 250 3000 3250 0
2750 3000 500 3000 3250 250
3000 3000 250 3250 3250 0
3000 3000 500 3250 3250 250
2000 500 250 2250 750 0 
2000 500 750 2250 750 500
2000 750 500 2250 1000 250
2000 1000 750 2250 1250 500
2000 1000 250 2250 1250 0 
2000 1250 500 2250 1500 250
2600 1000 250 2850 1250 0 
2600 1000 500 2850 1250 250
2850 1000 250 3100 1250 0
2850 1000 500 3100 1250 250
3100 1000 250 3350 1250 0
3100 1000 500 3350 1250 250
3550 500 500 3800 750 250
3550 750 250 3800 1000 0
3550 750 750 3800 1000 500
3550 1000 500 3800 1250 250
3550 1250 250 3800 1500 0
3550 1250 750 3800 1500 500
300 3500 250 550 3750 0
300 3500 500 550 3750 250
1000 3500 250 1250 3750 0 
1000 3500 500 1250 3750 250
1800 3500 250 2050 3750 0
1800 3500 500 2050 3750 250
600 2750 250 850 3000 0
600 2750 500 850 3000 250
1500 2750 250 1750 3000 0
1500 2750 500 1750 3000 250
300 1750 250 550 2000 0
300 1750 500 550 2000 250
1000 1750 250 1250 2000 0 
1000 1750 500 1250 2000 250
1800 1750 250 2050 2000 0
1800 1750 500 2050 2000 250
2250 250 250 2500 500 0
3300 250 250 3550 500 0
2500 1400 250 2750 1650 0
3000 1400 250 3250 1650 0
500 2250 250 750 2500 0
750 2250 500 1000 2500 250
1000 2250 250 1250 2500 0
3500 2500 500 3750 2750 250
3500 2750 250 3750 3000 0 
3500 3000 500 3750 3250 250
2500 3500 500 2750 3750 250
2750 3500 250 3000 3750 0 
2750 3500 750 3000 3750 500
3000 3500 500 3250 3750 250





































